(sp7:0.02131,((sp4:0.03204,((sp5:0.02221,(sp6:0.01949,sp3:0.01972):0.00129):0.00865,
sp10:0.02925):0.00141):0.01015,(sp8:0.06104,(sp9:0.07692,
sp2:0.08922):0.02384):0.01663):0.02156,sp1:0.02003);
(sp7:0.02115,((sp4:0.03234,((sp5:0.02216,(sp6:0.01950,sp3:0.01999):0.00135):0.00835,
sp10:0.02960):0.00141):0.01028,(sp8:0.06063,(sp9:0.07724,
sp2:0.08843):0.02388):0.01678):0.02155,sp1:0.02000);
